1418058457
2233889301
1976600661
2948972335
2948972371
1882453143
2470766313
1842170737
2251143513
2347882117
3185298310
3216516995
2667215113
3182732023
1308265662
1632236174
1832084825
3128380957
1289866094
1933565760
2718277421
2411495264
1930540374
2258042973
2207500872
1772743763
2611364305
2144194765
1654024275
1641197422
2699686117
3136031037
3146228177
2791677082
2047898375
1806201972
3173896752
3147918835
2617740482
1292730415
1729039241
1225692930
2357112827
2736153951
2830641125
2831184965
2774182791
2775869003
2775873551
1666123427
1594571760
2315561563
2097693715
1667007123
2815191201
2841334182
1989425124
2791635342
2833805725
1896794804
3132814235
2872215784
3114676105
2824736451
2165940754
1057211417
2265735875
2297691672
3087534090
1817020785
1741073617
2995162665
2735472922
2871166151
3065835353
2827335961
2400694607
1835838734
2662146547
1769957315
1769961045
1767305484
2785094192
2966416344
2090373675
3243761200
2203284993
3276921031
1345485037
1661450700
2687250432
3067551455
3062300943
3062360381
2534616973
3031001555
2118039871
3253450344
3277796605
1900622573
2705811313
2416318263
3228490952
3228773024
2014968853
1784839094
1738041392
3202980273
3225047270
2410329123
1657173997
1364598785
3173731511
3174465303
3142529484
2816935923
3225973501
3467045032
3562689602
3616082102
1751856107
2513002333
2209078543
2628409383
3569675453
1344964604
2320847067
1734816207
1898529731
3252421752
3252806811
3253606015
1861315650
3641800055
2509958092
3126303041
3008083924
1787809321
3480855153
1883343375
1304197945
3228573220
1740168710
1779190575
1901030055
2819399527
3458861932
2383469273
3602704737